0
1
2
3
1
4
5
6
7
2
8
3
2
9
10
11
12
10
6
13
14
6
15
8
1
16
4
8
1
12
4
1
17
14
12
18
16
2
2
14
19
5
20
10
16
9
21
20
7
7
17
12
9
8
17
16
7
16
20
10
22
7
5
4
16
3
14
3
7
17
4
14
23
12
17
4
3
24
1
20
6
10
2
10
8
3
5
20
20
9
5
12
17
9
9
6
5
6
8
25
26
27
28
29
30
31
32
33
32
34
35
36
35
37
38
35
37
39
32
35
35
31
37
32
40
37
31
41
37
37
42
43
32
35
38
37
31
31
44
45
46
31
30
35
32
47
48
49
50
51
52
53
54
55
56
57
58
59
60
61
62
63
64
65
66
67
68
69
70
71
72
73
74
75
76
77
78
79
80
78
81
82
83
80
74
74
80
82
84
85
75
83
86
73
87
88
82
78
83
75
73
89
90
91
92
93
94
93
95
96
97
92
92
98
99
93
93
92
100
92
93
101
102
103
93
92
104
105
106
107
108
109
110
111
112
109
111
112
113
114
113
108
111
108
112
110
115
115
113
113
109
116
116
115
109
108
116
108
111
110
117
118
111
113
114
108
109
115
114
119
116
113
115
114
120
114
112
110
115
114
116
111
110
121
112
122
123
110
109
112
116
124
124
124
125
126
127
128
129
129
128
129
130
131
132
133
134
135
136
129
124
128
124
129
129
137
138
124
128
128
139
128
140
141
142
143
144
145
146
147
148
149
150
151
152
153
154
155
156
157
158
159
160
161
162
163
164
165
166
167
168
169
170
171
172
173
174
175
176
177
178
179
180
181
182
183
184
185
186
187
188
189
190
191
192
193
194
195
196
197
198
199
187
192
200
201
202
203
204
192
205
184
206
207
208
209
210
211
212
187
213
214
215
216
217
192
218
219
220
